01020304050000
01020405000000
01020604050000
07080000000000
08080910000000
08081110000000
08081210000000
08100000000000
10130000000000
13131415000000
13131615000000
13131715000000
15180000000000
13150000000000
18181920000000
18182120000000
18182220000000
18200000000000
20230724000000
20250000000000
20260000000000
20270000000000
27280000000000
20161500000000
20171500000000
29060000000000
06300000000000
31303200000000
31313032000000
31320000000000
31313200000000
03310000000000
03313000000000
30283307000000
30020400000000
30020304000000
30020604000000
30340735000000
30340735300000
30340735303630
30340735363000
30340735360000